$ANSIBLE_VAULT;1.1;AES256
38383864343037313636396238303031646535623232643761643064613065646437643935343036
3739326634326564633162653038363030393961343438310a633366343937323339623361643863
38656561623766623239656131636661656537383665363361633539373364373732303962623833
3433333436633834310a643730623465363332303463616362326461316538656166363139373466
32386131363935373634346137313833343036336638626330313535346635366636623566396566
34373065313634633834346363633963383139653362626638646263663662373736343465303538
64633630663536303866633332323936353635646636636231363130336331643832336137373332
35313135363564326262373764333232376563353761316636326638333132386563366632396139
31623038666338393035643237663664663465323339653961376662373734366466353832306632
36333063393631633338643963623334363636333639656663313433666131316636646563643135
34306464336566656537373334336233623364336339326466326532613139663563643837303538
66623230336263363131636632613239393635336634303631636338313565346336313561393732
31653866656333663137376463646536623932383934626532366566323165363337656231323933
65636638343137656436343431353338363638653064623636613032396561646264636135356666
36643039356564643030306664343633316663623331316638616164333862386363326638343433
34353639626233636261336138616166366535363135326261306239393537386261656130663230
38336435633262323534323238343937373538373936346365353063346235326435373137626333
65656233643530656637386661333266323364363966393866653837353766306461353634623334
65393762326336343037376338353633336365316364383338396238396663333863366230316135
66396464366230646131613465613838323431353234373433353264366636643564633338653764
64663932366165346337643664633666623564386461363830336166346139646138333062376135
39326166336231393730363838636337333338383238346262663365653538333032373230366161
32383064323236653832383363393838616434336663316561363565393633363335633434306530
39633535356466613761313733626561373835333739373139353236393133393733653866323337
36316465353732623531396666326237656537663366313534373136343163373263316331306338
31396165633864303433616363653133366665383865336134383764353465373062346539633761
62393133343730643563393639373738393739323338663361376366653135386337613665303932
35323864646636653439363265313031313063646337386538636265626339663231383237336536
37653533376461623363393366373838386464663662386530373736343734353330303233356561
62396162643337653430623337306636393235643238633931626463643566343134346163616565
66396437636635383731626330346135646333393162373437613065346236376465313263643230
38626539633966363038
