$ANSIBLE_VAULT;1.1;AES256
33366365343933336665396136363162623938616665313430623566393632323833393731643564
6162303437636463626234336535613964316365383239650a366332336537343566323536626566
35383030353961623136323232363034646365383334343038343138396263363264363262323839
3861313534396364350a363161396333663964376662383034373561373330383432633433623966
39366338616465363861613430646135646563303762396434623130396234303437623439393532
35653438623237623862383962313237336534663033333835653635393037313835376537373332
32366666346131356638343635386233666466376435656463316566333230306439343436343631
66356163356431373632383839343864303034633032393562616239653534363033366566636638
39613464383231313835383735303436396132303232303131613730393338366534306464363630
36356138626230666439386136303065353534343864363263303235383234616661636433393137
31613931626338376436383961656639393562616463363030643164646131656565303961346437
63313065383732663631653166313261326136323738633836663235653636616531633230313439
65336261333061383863393363313366316166653637616337363637656532303631303066666136
63626630386634383164353765613131633864313762323733383165373065626335356166623163
66346565376262663032323763323962343365346564333164626630396261363762383138353061
61306466343030383836653539363164646333366336323236666664356635383835396562323035
65613330633236363637613838373761333632633964646565633933663263343337393137663261
36366338376432633734346136646261383139393363643936306433653964656133646638336637
34396466303863356431643138376162383331663436306264633634383436313536356235666136
36613065633433663937326638333336343938376631313837306134326433363635306131653434
62323361616262643031376463353435356265613737623334326631353839663936336265643262
34363664343761303039623337353937646465346666333337323630623130636631373430663934
63376166616561643661353534656366653033616365306234373966656164393532356566613965
32323462666166656462363465316433376230316535393763373435343034393930613738643064
62313338653338666566363935336230366138363939623434663838616435326366623030353965
61366434376636653236383436656365613733663636383135666564376337643034633165643561
30383262353032653661653730386465346430613534383531303262326364613666336362363836
31396566336661613535
